
batching
 3215.4034748733684
batching
 2243.3799697063287
 2211.7087741964624
 2183.1410471723616
 2163.025830816619
 2122.8431894138216
 2209.1089957233735
 2140.579631765349
 2193.5208629143485
 1889.0133057633004
 2187.7678303373427
 2151.9678692496864
 2213.4080104379086
 2120.2518350475216
 2252.7594991530486
 2158.245737686477
 2321.7013656455933
 2210.0410273247817
 1962.2761181404258
 2163.161206604345
 2133.098932842937
batching
 2095.045009423294
 2160.4527149733344
 2223.1236163086405
 2212.3808554329275
 2179.181164098881
 2175.620513565483
 2232.265546658739
 1866.8675419759788
 2109.4588142955627
 2204.297813591672
 2196.70530632842
 2184.209442482385
 2193.3991330378144
 2210.3405429411723
 2145.3233019238664
 2187.2287838188154
 2190.5845114618014
 2147.523025492359
 2212.660972749221
 2139.881097550622
batching
 1921.9531311938179
 2285.503938559228
 2255.381327160084
 2214.5241857624424
 2221.443240771201
 2252.976465073932
 2234.8457450710343
 2265.5536270936454
 2275.8739527173493
 2292.2019728748587
 2264.028779601618
 2278.9093988716513
 2301.0876153425493
 2235.9906544961536
 2292.551052283148
 2219.450802670657
 2300.5626249685965
 2191.043527235328
 2283.1312608730186
 2263.0780458121735