
batching
 2040.243215734181
 2214.997430662421
 2230.0389004499884
 2189.9880008686514
 2204.3360330756486
 2183.16473183004
 2209.6182391119696
 2179.1126425546677
 2227.371060923091
 2224.488274052087
 2235.864452836222
 2217.2454006375206
 2235.854276656901
 2184.969995036577
 2164.94746126449
 2119.21192597715
 2172.7108362532417
 2136.129681737836
 1978.7923642707076
 2170.279798099077
batching
 2287.199695891806
 2408.1170115503396
 2416.3584450387225
 2374.138644250139
 2370.0273605049997
 2258.144290886302
 2224.234657535047
 2262.7254686063593
 2325.6927784279674
 1943.9059295093998
 2258.588262189267
 2271.566205070202
 2254.8531805397247
 2387.7425855393344
 2221.1429059262205
 2237.163513292108
 2278.5389202786005
 2217.1017627421215
 2243.4483299503745
 2243.221661148906
batching
 2020.2921667718783
 2133.4772429958757
 2102.360314669379
 2103.0140860991746
 2120.2429681141793
 2115.439797036342
 2167.0128154780336
 2193.1069655822675
 2180.4043550643432
 2196.9932971709695
 2177.4917560322133
 2158.544366818545
 2200.1974092925398
 2136.5217004102633
 2184.2700073453507
 2159.007052259943
 2188.884072420558
 2128.699865483231
 2163.4172503711743
 2125.8923391152493