
batching
 2055.4026574060204
 2267.6818041823526
 2277.0665596289305
 2313.091535921204
 2228.07791647964
 2270.68648360696
 2220.3147328549103
 2220.9973630034747
 2180.3169113447316
 2196.3395702206153
 2181.783858371153
 2280.937127579618
 2179.917604810778
 2239.6136290154222
 2220.3741349168913
 2079.5135411822234
 2203.4879959642544
 2222.4246122378336
 2194.195753079659
 2196.115012173083
batching
 2117.676931854235
 2258.6927523687227
 2199.6735016472726
 2259.428291823324
 2235.5089545474407
 2215.486320375789
 2227.1063383988544
 2224.759199545059
 2242.1973423684663
 2284.8134263428105
 2276.904712527023
 2225.0441219818226
 2273.143304878003
 2226.0152542185556
 2274.0268168806033
 2214.9993359694504
 2287.9658385727603
 2202.6698043816104
 2254.699641520487
 2232.8728914949993
batching
 2068.390063494359
 2211.569319815857
 2233.758964782327
 2266.8650663139224
 2167.3696773578527
 2167.2449194367227
 2206.711875667691
 2177.401105015736
 2132.4067996368403
 2155.5991289674216
 2159.17051313781
 2210.592668238777
 2230.490920818076
 2097.467420853751
 2244.2186817685943
 2097.6796329926105
 2224.7081594810834
 2084.6440668892205
 2225.3106742964346
 2199.644079803879