
batching
 2128.754490450678
 1995.303300950674
 2092.2706758085183
 2057.936871492069
 2051.9575819905144
 2056.9566226218894
 2104.8585112981614
 2057.8767812281917
 2068.2011354613705
 2061.9628837266823
 2103.4873550242964
 2085.847189106314
 2099.072625484854
 2038.8523647014704
 2099.86606436498
 2085.294673528881
 2087.273745563401
 2210.7381654910296
 2064.8297523478254
 2025.3192001269813
batching
 2153.543914766714
 2217.393737540502
 2240.2119327598407
 2196.5479850493352
 2188.9613257644446
 2231.151949884674
 2178.4621512063522
 2269.1631582539867
 2272.720689810633
 2270.3072762035963
 2233.4439194404017
 2225.2033652176196
 2269.6908563094103
 2236.344305020999
 2282.1951820729505
 2188.1391782800265
 2249.2310942913623
 2147.3677606657407
 2118.0258112904385
 2155.2108111565394
batching
 2181.7934225184117
 2196.3488704732986
 2236.445154735373
 2242.2743457682664
 2315.82376741979
 2209.0150785957867
 2309.511157638292
 2206.3050326712532
 2166.246494220313
 2241.7645222441997
 2187.3414167706524
 2220.0516101961452
 2123.855225579817
 2238.381751061306
 2162.8159907641825
 2197.3545249605827
 2127.8845418887167
 2245.2090633778607
 2115.8283409201117
 2319.7515016038574