
batching
 2120.778805812615
 2184.767053182192
 2185.452881963172
 2220.0986757922424
 2169.677487106884
 2179.901473136462
 2234.8359576654416
 2135.3494012192564
 2183.3031320191158
 2232.382174804394
 2223.8338466448954
 2165.0749016756067
 2133.473389447986
 2188.1440179610004
 2195.8802568621404
 2229.610838684503
 2162.701468560612
 2225.494104478283
 2203.817730950098
 2194.112742884265
batching
 2156.2162278530277
 2203.308320416715
 2214.2609764935764
 2240.267211511811
 2201.4945083876823
 2202.5784294097957
 2271.9359408808814
 2272.1987694927416
 2285.290023367304
 2274.21539475554
 2235.6135343899596
 2199.760445339275
 2222.8576607927203
 2163.1548208015597
 2249.3774352071296
 2137.7695953124417
 2231.397866548551
 2195.31492853952
 2157.9949739296458
 2280.180681680899
batching
 2125.830400919096
 2103.841397736984
 2031.091767732735
 2246.0160527116964
 2193.1052828626966
 2207.405474205383
 2240.436448661531
 2248.481688617552
 2264.8756739832284
 2221.4347909722087
 2220.1039862704515
 2218.0221740288225
 2201.0277258905976
 2219.0154073331178
 2248.3273069522143
 2205.3780341962383
 2265.0961329230086
 2214.286266175675
 2235.3433781236918
 2207.4313386136428