
batching
 2011.1306372093882
 2117.7555043665943
 2094.6579892758696
 2110.573702621522
 2084.470051031331
 1963.7199946420546
 2140.1705930867665
 2166.479970606249
 2055.9800677762996
 2126.228036771457
 2184.9869425247116
 1947.0882545271081
 2162.1348472506593
 2090.0757159273894
 2196.0429469412193
 2059.6533709362643
 2188.8285285731886
 1964.2720340930139
 2148.218536139212
 2147.7119253959468
batching
 2150.4456568083456
 2236.6765893285747
 2214.6012447898556
 2251.3960170722994
 2220.464282234856
 2234.8566334021552
 2214.007285037062
 2208.7507625357775
 2220.0538872493125
 2215.7194106796987
 2201.199497720786
 2210.7193692773267
 2268.5455785095314
 2179.0326555940464
 2300.366945986139
 2165.4134962480316
 2272.4795605481913
 2203.1898727750045
 2268.2644495891095
 2231.37489211687
batching
 2101.8914299429525
 2246.978384912525
 2271.0317851195746
 2172.7894551862673
 2196.732724597706
 2223.5123676539256
 2221.647485107835
 2152.432088468408
 2265.4647435005445
 2257.988873311306
 2235.961395151496
 2236.2411263666386
 2249.956002508153
 2269.1815087134532
 2264.019943382434
 2230.3436283252354
 2235.596148250122
 2230.4285477356207
 2255.3428848061467
 2224.7446773344705