
batching
 2147.041517066166
 2195.948733691653
 2203.767705340108
 2222.826765022687
 2171.33931818299
 2175.127686099029
 2214.6253367085883
 2205.4115406158726
 2166.5620255608405
 2141.9084658401166
 2162.673355915411
 2140.1685811470848
 2192.226430645802
 2131.2537905710005
 2175.9117066505305
 2122.989549045128
 2152.6166363422462
 2157.603621210389
 2161.804052677634
 2178.422429328907
batching
 2104.191524452119
 2212.5592261414185
 2235.535641455857
 2238.297282425137
 2238.534573019942
 2214.744910114629
 2155.023803220153
 2269.440198938803
 2251.909973433542
 2253.8231898737504
 2236.4514938766747
 2211.1501242506865
 2230.6265513753888
 2198.006156908965
 2255.945986898815
 2183.641578655437
 2228.3126206572542
 2255.1462500254333
 2209.687575086359
 2236.41141428121
batching
 2134.535294996208
 2266.578696420892
 2259.8400284624327
 2256.0606519142198
 2227.6594211938764
 2279.355940287384
 2246.4074899832162
 2270.012125575379
 2258.7257504870477
 2264.3581934241365
 2263.0096296111406
 2254.610501094713
 2283.132767160377
 2229.803202232533
 2276.0312361074016
 2257.7050619435477
 2228.0360811886967
 2247.9190879184102
 2244.4310107440115
 2221.2931381061308