
batching
 2000.157913687488
 2089.9410452921306
 2098.2192101457754
 2109.932238294088
 2096.475221195518
 2107.049936388404
 2112.615066401086
 2101.0164812191674
 2089.8037097048673
 2107.0956825436206
 2051.6916451269667
 2101.415820492282
 2067.9387427920115
 2117.5008193168146
 1994.0063993377537
 2111.7036796725397
 2072.9624169178023
 2162.9304300402628
 2088.5028856514964
 2058.6279714869556
batching
 2128.451080613054
 2248.0222503923906
 2255.6180400653097
 2238.1880498274268
 2219.9421631184928
 2239.097737267519
 2276.4799244463097
 2283.056671069419
 2259.1338498982204
 2285.955160173506
 2231.6897574139844
 2253.516047101175
 2213.024487248222
 2292.482475657189
 2223.9103042461143
 2217.3416303514605
 2213.979743191909
 2217.898605443599
 2260.7414741983594
 2291.7258730522735
batching
 2159.437018969024
 2264.60178142412
 2225.0732955163917
 2246.0601112599834
 2247.8589989857396
 2227.7205895201864
 2113.6444848491865
 2110.653752897285
 2112.5756843333297
 2056.6461701828553
 2066.099007289479
 2238.1426947996606
 2125.9073418605326
 2273.986649576967
 2048.1719444583864
 2267.692566224367
 2063.191738308403
 2277.3959591136822
 2051.880341418807
 2136.4091909041836