
batching
 2114.8719360761424
 2209.10741286596
 2215.1232956226418
 2156.7438772096493
 1894.43461311821
 2184.820230472997
 2232.437311035646
 2199.955570197231
 2173.2086588272987
 2222.364312943105
 2211.93368729184
 2196.038321759035
 2242.7425834878322
 2173.089034096022
 2202.4693097554327
 2163.450041592723
 2187.095467328965
 2145.547163601166
 2193.9717376737526
 2209.218535110434
batching
 2186.4066456534724
 2277.4847304077225
 2226.078029893369
 2217.8084863356403
 2121.206990036945
 2295.6290325784407
 2268.418544997566
 2214.8372900785466
 2275.843325084766
 2253.7306588316987
 2229.4752483872153
 2259.7899974751226
 2171.052484857537
 2213.537504754307
 2241.16536605857
 2268.6534533906747
 2226.3481300380004
 2225.5626861839633
 2234.261198988813
 2168.7027087405404
batching
 2145.9170724273436
 2246.421352597222
 1961.2881042534298
 2262.0933018248897
 2257.4560763462646
 2255.331499637894
 2216.565879631891
 2254.8542288141907
 2275.1831065574606
 2291.9111031509533
 2257.946237866514
 2192.6665470859866
 2239.339058116216
 2258.4653893937416
 2241.5229184748982
 2286.564542583202
 2263.772965959332
 2261.288015130891
 2254.8179379186895
 2280.7842504837786